Sum = 17025

1.0  60630
2.0  7716
3.0  2251
4.0  1090
5.0  842
6.0  398
7.0  255
8.0  189
9.0  112
10.0  91
11.0  60
12.0  54
13.0  57
14.0  26
15.0  25
16.0  15
17.0  21
18.0  19
19.0  12
20.0  14
21.0  14
22.0  6
23.0  8
24.0  8
25.0  9
26.0  6
27.0  3
28.0  4
29.0  4
30.0  1
31.0  5
32.0  2
33.0  2
35.0  1
38.0  1
39.0  2
40.0  1
41.0  1
42.0  1
44.0  1
45.0  2
47.0  1
49.0  4
50.0  1
52.0  1
53.0  1
72.0  1
75.0  1
77.0  1
78.0  1
81.0  1
83.0  1
93.0  1
99.0  1
100.0  1
104.0  1
113.0  1
124.0  1
127.0  1
