Sum = 28479

1.0  85237
2.0  10517
3.0  2692
4.0  1307
5.0  937
6.0  476
7.0  303
8.0  228
9.0  149
10.0  109
11.0  71
12.0  66
13.0  66
14.0  37
15.0  32
16.0  21
17.0  29
18.0  24
19.0  14
20.0  18
21.0  15
22.0  10
23.0  10
24.0  9
25.0  10
26.0  6
27.0  4
28.0  4
29.0  5
30.0  2
31.0  5
32.0  4
33.0  2
34.0  1
35.0  1
36.0  2
38.0  1
39.0  3
40.0  2
41.0  1
42.0  1
44.0  1
45.0  2
47.0  1
49.0  4
50.0  1
52.0  1
53.0  1
57.0  1
72.0  1
75.0  1
77.0  1
78.0  1
81.0  1
83.0  1
92.0  1
93.0  2
99.0  1
100.0  1
104.0  1
113.0  1
118.0  1
124.0  1
127.0  1
