Sum = 30528

1.0  113192
2.0  11887
3.0  3131
4.0  1567
5.0  1082
6.0  564
7.0  359
8.0  267
9.0  179
10.0  130
11.0  92
12.0  79
13.0  78
14.0  50
15.0  46
16.0  29
17.0  34
18.0  31
19.0  18
20.0  20
21.0  18
22.0  12
23.0  13
24.0  10
25.0  11
26.0  7
27.0  6
28.0  5
29.0  6
30.0  3
31.0  6
32.0  4
33.0  2
34.0  1
35.0  1
36.0  2
37.0  1
38.0  3
39.0  3
40.0  3
41.0  1
42.0  1
43.0  1
44.0  1
45.0  2
47.0  1
49.0  4
50.0  1
51.0  1
52.0  1
53.0  1
57.0  1
71.0  1
72.0  1
75.0  1
77.0  1
78.0  1
81.0  1
83.0  1
92.0  1
93.0  2
99.0  1
100.0  1
104.0  1
106.0  1
113.0  1
118.0  1
124.0  1
125.0  1
127.0  1
